#r_run
201481.1 319931.3 236733.4 239392.1 361701 312822.7 143561.8 148133.5 172438.5 144813 124646.1 179886.7 207774.4 214884.5 268650.5 215928.9 259062 272431.7 400791.6 368965.7 307442.8 294301.5 191213.5 159069.9 128597.3 204408.3 223323.8 236001.8 355816.1 330251.8 311407.3 251139.1 213561.1 187600 113072.6 113496.6 78842.88 84177.38 86657.82 118984.6 131057.8 131171 147759.1 200871.9 132288.2 125755.2 150409.3 119117 165383.5
#esc
111038 226259.2 153195.6 143001.3 264839.3 202351.1 36384.05 65881.48 83387.65 62621.26 53829.71 75275.23 79856.16 88851.96 104377.1 102742.3 127873.6 172889.1 278099.6 234302.6 201773.6 203037.4 91004.34 81196.16 60185.77 125933.3 141662.8 167899.8 255096.1 238516.3 217192.3 154279.1 114280 99451.38 42282.37 49655.35 55421.43 36650.68 74914.41 102443.1 99904.01 114516.6 125026.6 162369.5 96082.1 97003.52 115888.9 81741.95 136650.1
#low_run
119881.8 234797.8 158669.9 151497.2 273877.2 211607.7 45141.43 73038.44 91978.24 69245.28 61532.71 85440.46 90564.44 101101.6 120431.1 116965.1 142179.4 189205.3 294910.1 252253.7 216774.9 218023.1 103696.2 91386.13 69951.59 136860.3 154849.8 176409.8 270593.7 250506.4 230771.6 167263.1 127160.2 111171.3 50524.52 58874.15 58828.45 41738.23 77491.76 104430 104255.4 116405.3 128012.1 167112.9 100870.2 100015.2 119694.3 84904.95 145819.5
#eh_up
8843.795 8538.652 5474.322 8495.824 9037.89 9256.604 8757.387 7156.962 8590.589 6624.022 7703.004 10165.23 10708.29 12249.62 16054.02 14222.79 14305.75 16316.17 16810.53 17951.12 15001.22 14985.66 12691.86 10189.97 9765.82 10927 13187 8509.999 15497.53 11990.1 13579.32 12984 12880.19 11719.94 8242.153 9218.807 3407.016 5087.549 2577.346 1986.858 4351.43 1888.75 2985.513 4743.423 4788.071 3011.701 3805.398 3163.001 9169.445
#f
151.8554
#tfw
2.781027 11.09785 3.76147 5.484369 3.363537 5.501571 8.413397 10.44274
#tfa
10.18087 32.93241 9.477551 27.94883 22.64076 18.45302 29.01458 32.27771 17.16123 23.39037 21.46826 13.67564 20.67978 26.01343
#tfc
1.142255 16.7228 0
#tfr
-4.073794 -8.086255 -6.45681 0 0
#tfh
-101.7613 -101.7919
